    unsorted:	 705.8650784 24668.34184
      sorted:	 705.8650784 24668.34184
